000000000000000000000000000000000000000000000000000000000000000000000000000000000000000000000000000000000000000000000000000000000000000000000000000000000000000000000000000000000000000000000000000000000000000000000000000000000000000000000000
000000000000000000000000000000000000000000000000000000000000000000000000000000000000000000000000000000000000000000000000000000000000000000000000000000000000000000000000000000000000000000000000000000000000000000000000000000000000000000000000
000000000000000000000000000000000000000000000000000000000000000000000000000000000000000000000000000000000000000000000000000000000000000000000000000000000000000000000000000000000000000000000000000000000000000000000000000000000000000000000000
000000000000000000000000000000000000000000000000000000000000000000000000000000000000000000000000000000000000000000000000000000000000000000000000000000000000000000000000000000000000000000000000000000000000000000000000000000000000000000000000
000000000000000000000000000000000000000000000000000000000000000000000000000000000000000000000000000000000000000000000000000000000000000000000000000000000000000000000000000000000000000000000000000000000000000000000000000000000000000000000000
000000000000000000000000000000000000000000000000000000000000000000000000000000000000000000000000000000000000000000000000000000000000000000000000000000000000000000000000000000000000000000000000000000000000000000000000000000000000000000000000
000000000000000000000000000000000000000000000000000000000000000000000000000000000000000000000000000000000000000000000000000000000000000000000000000000000000000000000000000000000000000000000000000000000000000000000000000000000000000000000000
000000000000000000000000000000000000000000000000000000000000000000000000000000000000000000000000000000000000000000000000000000000000000000000000000000000000000000000000000000000000000000000000000000000000000000000000000000000000000000000000
000000000000000000000000000000000000000000000000000000000000000000000000000000000000000000000000000000000000000000000000000000000000000000000000000000000000000000000000000000000000000000000000000000000000000000000000000000000000000000000000
000000000000000000000000000000000000000000000000000000000000000000000000000000000000000000000000000000000000000000000000000000000000000000000000000000000000000000000000000000000000000000000000000000000000000000000000000000000000000000000000
000000000000000000000000000000000000000000000000000000000000000000000000000000000000000000000000000000000000000000000000000000000000000000000000000000000000000000000000000000000000000000000000000000000000000000000000000000000000000000000000
000000000000000000000000000000000000000000000000000000000000000000000000000000000000000000000000000000000000000000000000000000000000000000000000000000000000000000000000000000000000000000000000000000000000000000000000000000000000000000000000
000000000000000000000000000000000000000000000000000000000000000000000000000000000000000000000000000000000000000000000000000000000000000000000000000000000000000000000000000000000000000000000000000000000000000000000000000000000000000000000000
000000000000000000000000000000000000000000000000000000000000000000000000000000000000000000000000000000000000000000000000000000000000000000000000000000000000000000000000000000000000000000000000000000000000000000000000000000000000000000000000
000000000000000000000000000000000000000000000000000000000000000000000000000000000000000000000000000000000000000000000000000000000000000000000000000000000000000000000000000000000000000000000000000000000000000000000000000000000000000000000000
000000000000000000000000000000000000000000000000000000000000000000000000000000000000000000000000000000000000000000000000000000000000000000000000000000000000000000000000000000000000000000000000000000000000000000000000000000000000000000000000
000000000000000000000000000000000000000000000000000000000000000000000000000000000000000000000000000000000000000000000000000000000000000000000000000000000000000000000000000000000000000000000000000000000000000000000000000000000000000000000000
000000000000000000000000000000000000000000000000000000000000000000000000000000000000000000000000000000000000000000000000000000000000000000000000000000000000000000000000000000000000000000000000000000000000000000000000000000000000000000000000
000000000000000000000000000000000000000000000000000000000000000000000000000000000000000000000000000000000000000000000000000000000000000000000000000000000000000000000000000000000000000000000000000000000000000000000000000000000000000000000000
000000000000000000000000000000000000000000000000000000000000000000000000000000000000000000000000000000000000000000000000000000000000000000000000000000000000000000000000000000000000000000000000000000000000000000000000000000000000000000000000
000000000000000000000000000000000000000000000000000000000000000000000000000000000000000000000000000000000000000000000000000000000000000000000000000000000000000000000000000000000000000000000000000000000000000000000000000000000000000000000000
000000000000000000000000000000000000000000000000000000000000000000000000000000000000000000000000000000000000000000000000000000000000000000000000000000000000001111111111100000000000000000000000000000000000000000000000000000000000000000000000
000000000000000000000000000000000000000000000000000000000000000000000000000000000000000000000000000000000000000000000000000000000000000000000000000000000011111111111111110000000000000000000000000000000000000000000000000000000000000000000000
000000000000000000000000000000000000000000000000000000000000000000000000000000000000000000000000000000000000000000000000000000000000000000000000000000000111110000000000011100000000000000000000000000000000000000000000000000000000000000000000
000000000000000000000000000000000000000000000000000000000000000000000000000000000000000000000000000000000000000000000000000000000000000000000000000000011100000000000000001110000000000000000000000000000000000000000000000000000000000000000000
000000000000000000000000000000000000000000000000000000000000000000000000000000000000000000000000000000000000000000000000000000000000000000000000000000011000000000000000000111110000000000000000000000000000000000000000000000000000000000000000
000000000000000000000000000000000000000000000000000000000000000000000000000000000000000000000000000000000000000000000000000000000000000000000000000000110000000000010000000001111111000000000000000000000000000000000000000000000000000000000000
000000000000000000000000000000000000000000000000000000000000000000000000000000000000000000000000000000000000000000000000000000000000000000000000000001100000000000000000000000001111111100000000000000000000000000000000000000000000000000000000
000000000000000000000000000000000000000000000000000000000000000000000000000000000000000000000000000000000000000000000000000000000000000000000000000011000000000000000000000000000000111111111000000000000000000000000000000000000000000000000000
000001111111111000000000000000000000000000000000000000000000000000000000000000000000000000000000000000000000000000000000000000000000000000000000001110000000000000000000000000000000000011111111000000000000000000000000000000000000000000000000
000111000000001111111111000000000000000000000000000000000000000000000000000000000000000000000000000000000000000000000000000000000000000000000000011100000000000000000000000000000000000000000111111110000000000000000000000000000000000000000000
111100000000000000000001111100000000000000000000000000000000000000000000000000000000000000000000000000000000000000000000000000000000000000000000111000000000010000000000000000000000000011000000111111000000000000000000000000000000000000000000
110000000000000000000000000111000000000000000000000000000000000000000000000000000000000000000000000000000000000000000000000000000000000000000001110000011000000000000000000001000000110011000000000001111000000000000000000000000000000000000000
000000000000000000110000000001111000000000000000000000000000000000000000000000000000000000000000000000000000000000000000000000000000000000000111000000011000000110000000000000000000110000011000000000011110000000000000000000000000000000000000
000000000000000000110000000000011110000000000000000000000000000000000000000000000000000000000000000000000000000000000000000000000000000000011110000000000000000110000000000000000110000000011000000000000111100000000000000000000000000000000000
000000000000000000000000000011001111000000000000000000000000000000000000000000000000000000000000000000000000000000000000000000000000000001111000001000000000000000000000000000000110000011000000000000000001111111111111100000000000000000000000
000000000110000000000000000011000011100000000000000000000000000000000000000000000000000000000000000000000000000000000000000000000001111111100000000000000000000000000000000000000000000011000000000000000000001111111111111000000000000000000000
000000000110000000000000000000000001110000000000000000000000000000000000000000000000000000000000000000000000000000000000000000000011111110000000000000000000000000000000000000000000011000000000000000110000000000000000011110000000000000000000
000000000000000000000000000000000000111100000000000000000000000000000000000000000000000000000000000000000000000000000000000000111110000000000000000000000000000000000000000000000000011000000000000000110000000000000000000011100000000000000000
000000000000000000000000000000000000011110000000000000000000000000000000000000000000000000000000000000000000000000000000000001110000000000000000000000000000010000000000000100000000000000000000000000000000000000000000000001110000000000000000
000000000000000000000000000000000000000111000000000000000000000000000000000000000000000000000000000000000000000000000000001111100000000000000000000000000000000000000000000000000000000000000000000000000000000000000000000000011000000000000000
000000011000000000000000000000000000000011100000000000000000000000000000000000000000000000000000000000000000000000000000001100000000000000000000000000000000000000000000000000000000000001000000000000000000000000000000000000011110000000000000
001100011000000000000000000000000000000001100000000000000000000000000000000000000000000000000000000000000000000000000000011000011000001000000000100000000000000000000000000000000000000000000000000000000000000000000000000000000111100000000000
001100000000000000000000000000000110000000110000000000000000000000000000000000000000000000000000000000000000000000000000011000011000000000000000000000000000000000000000000000000000000000000000000000000000100000000000000000000001110000000000
000000000000000000000000000000000110000001111100000000000000000000000000000000000000000000000000000000000000000000000000011000000000000000000000000000000000000000000000000000000000000000000010000000000000000000000000000000000000111000000000
000000000000000000000000000000000000000000111100000000000000000000000000000000000000000000000000000000000000000000000000011000000000000000000000000000000000010000000000000000000000000000000000000000000000000000000000000000000000011100000000
000000000000000110000000000000000000000000000100000000000000000000000000000000000000000000000000000000000000000000000000001000000000000000000000000011000000000000000000000000000000000000000000000000000000000000000000000000000000001100000000
000000000000000110000000000000000000000000000100000000000000000000000000000000000000000000000000000000000000000000000000001000000100000000000000000011000000110000000000000000000110000000000000000000000000000000000000000000000000001100000000
000000000000000000000000000000000000000000000100000000000000000000000000000000000000000000000000000000000000000000000000001000000000000000000000000000000000110000000000000000000110000000000000000000000000000000000000000000000000001100000000
000000000000000000000000000000000000110000000111000000000000000000000000000000000000000000000000000000000000000000000000011000000000000000000000000000000000000000000000000000000000000000000000000000000000000000000000000000000000001100000000
000000000000000000000000000000000000110000000011000000000000000000000000000000000000000000000000000000000000000000000000110000000000000000000000000000000000000000000000000000000000000000000000000000000000000000000000000000000000001100000000
000000000000000000000000000000000000000000000011100000000000000000000000000001111110000000000000000000000000000000001000100000000000000000000000000000000000000000000000000000000000000000000000000000000000000000000000011000000000001100000000
000000000000000000000000000000000000000000000011100000000000000000000000000111111111111100000000000000000000000000001000100011000000000001000000000000000000000000000000000000000000000000000000000000000000000000000000011100000000001100000000
000000000000000000000000000000000000000000000011100000000000000000000001111110000000111110000000000000000000000000001001100011000000000000000000000000000000000000000000000000000000000000000000000000010000000000000000000000000000011100000000
000000000000000000000000000000000000000000000011110000000000000000011111100000000000000011100000000000000000000000001011000000000000000000000000000000000000000000100000000000000000000000000000000000000000000000000000000000000000011000000000
000000000000000000000000000000000000000000000000011100000000000001111000000011000000000001110000000000000000000000001111000000000000000000000000000000000000000000000000000001100000000000000000000000000000000000000000000000000000011000000000
000000000000000000000000000000000000000000000001100111000000000111100000000011000001100000011000000000000000000000001100000000000000000000000000000000000000000000000000000001100000000000000000000000000000000000000000000000000000011000000000
000000000000000000000000000000000000000000000001100011111100011110000000000000000001100000001000000000000000000000011100000000000001000000000000000000000000000000000000000110000000000000000000000000000000000000000000000000000000011000000000
000000000100000000000000000000000000000000000000000000111111111000011000000000000000000000001000000000000000000001111000000000000000000000000000000000000000000000000000000110011000000010000000000000000000000001000000000000000000011000000000
000000000000000000000000000000000000000000000000000000000000000000011000000000000000000000001100000000000000000011100000000100000000000000000000000000000100000000000000000000011000000000000000000000000000000000000000000000000011011000000000
000000000000000000000000000000000000000000000000000000000000000000000000000000000000000000000100000000000000000110000000000000000000000000000000000000000000000000000000000011000000000000000000000000000000000000000000000000000011011100000000
000000000000000000000000000000000000000000000000000000000000000000000000000000000000000000000110000000000000011110000000000000000000000000000000011000000000000000000000000011000000000000000000000010000000000000000000000000000000001110000000
000000000000000000000000000000000000000000000000000000000000000000000000000000000000000000000111111111000000111000000000000000000000000000000000011000000000000000000000000000000000000000000000000000000000000000000000010000011000000110000000
000000000000000000000000000000000000000000000000000000000000000000000000000000000000000000000001111111111111100000000000000000000000000000000000000000000000000000000000000000000000000000000000000000000000000000000000000000011000000011000000
000000000000000000000000000000000000000000000000000000000000000000000001111111100000000000000000000000111111100000000000000000000000000000000000000000100000000000000000000000000000000000000000000000000000000000000000000000000000011001100000
000000000000000000000000000000000000000000000000000000000000000000000001110001110000000000000000000000000000000000000000000110000000000000000000000000000000000000000000000000000000000000000000001100000000000000000010000000011000011001110000
000000000000000000000000000000000000000000000000000000000000000000000011100000111000000000000000000000000000000000000000000110000000000000000000000000000000000000000000000000000000000000000000001100000000000000000000000000011001100000111000
000000000000000000000000000000000000000000000000000000000000000000000011000000011100000000000000000000000000000000000000000000000000000000000000000000000000000000001100000000100000000000000000000000000000000000000000000000000001100000011000
000000000000000000000000000000000000000000000000000000000000000000000011011000001100000000000000000000000000011000000000000000000000000000000000000000000000000000001100000000000000000000000000000000000000000000000000000000000000000000011000
000000000000000000000000000000000000000000000000000110000000000000000011011000001110000000000000000000000000011000000000000000000000000001000000000000000000000000000000000000000000000000000000000000000000000000000000000000001100011011011000
000000000000000000000000000000000000000000000000000110000000000000000111000110000110000000000000000000000000000000000000000000000000000000000000000000000000000000000000000000000000000000000000000000000000000000000000000000001100011011011000
000000000000000000000000000000000000000000000110000000000000000000000111011110000110000000000000000000000000000000000000000000000000000000000000000000000000000000000000000000000000000000000000000000001000000000000000000000000000000000011100
000000000000000000000000000000000000000000001111000000000000000000000110011000000110000000000000000000000000000000000000000000000000000000000000000000000000000000000000000000000000000000000000000000000000000000000000000000000000000000001100
000000000000000000000000000000000000000000001111100000000000000000000011100000000110000000000000000000000000000000000000000000000000000000000000000000000000000000000000000000000000000000000000000000000000000000000000000000000000000000001100
000000000000000000000000000000000000000000000011110000000000000000000001111111111110000000000000000000000000000000000000000000000000000000000000000000000000000000000000000000000000000000000000000000000000000000000000000000000001100000011100
000000000000000000000000000000000000000000000010111100000000000000000000111111111100000000000000000000000000000000000000000000000110000000000000000000000000000000000000000000000000000000000001000000000000000000000000000000000001100000011000
000000000000000000000000000000000000000000000011001100000110000000000000000000000000000000000000000000000000000000000000000000000110000000000000000110000000000000000000000000000000000000000000000000000000000000000000001000000000000000011000
000000000000000000000000000000000000000000000011001110000110000000000000000000000000000000000000000000000000000000000000000000000000000000000000000110000000000000000000000000000000000000000000000000000000000000000000000000000000000000011000
000000000000000000000000000000000000000000000011000111000000000000000000000000000000000000000000011100000000000000000100000000000000000000000000000000000000010000000000000000000000000000000000000000000000000000000000000000000000000000011000
000000000000000000000000000000000000110000000011000011100000001100000000000000000000000000000111111111011100000000000000000000111111111111100000000000000000000000000000000000000000000000000000000000000011000000000000000000000000000000110000
000000000000000000000000000000000000110000000011000001111000001100000000000000000000000000001110000011100111100000000000000001110000000011110000000000000000000000000000000000000000000010000000000000000011000000000000000000000000000000110000
000000000000000000000000000000000000000000000011000000011110000000000000000000000000000000011100000000000001111111111100000011000000000001111000000000000000000000000000000000000000000000000000000000000000000000000000000000000000000000110000
000000000000000000000000000000000000000000000011000000000111000000000000000000000000000000111000000000000000000000001111000111000000000000111100000001000000000000000000000000000000000000000000000000000000000000100000000000000000000001100000
000000000000000000000000000000000000000000000011000000000011100000000000000000000011000001110000000000000000000000000011101110000000000000011110000000000000000000011000000000000000000000000000000000000000000000000000000000000000000001100000
000000000000000000000000000000000000000000110011000000000001110000000000110000000011000111100000000000000000000000000000111100000000000000001110000000000000000000011000000000010000000000000000000000000000000000000000000000000000000011000000
000000000000000000000000000000000000000000110001100000000000111000000000110000000000001110000000000000000000000000000000011100111111111111001110000000000000000000000000000000000000000000000000111111111000000000000000000001100000000011000000
000000000000000000000000000000000000011000000001100000000000011100000000000000000000111000000000000000000000000000000000011001111111111111101110000000001111111000000000000000000000000000000001111111111111111000000000000001100000001110000000
000000000000000000000000000000000000011000000011000000000000001110000000000000000001110000000000000000000000000000000000011011111111111111111111111110001100000111100000000000000000000000000110000000011111111100111111111100000000011100000000
000000000000000000000000000000000000000000000011000000000000000111001111111111111111000000000000000000000000000000000000111111111111111111111111111110001100000000100000000000000000000000001000000000000000000011111111111111110111111110000000
000000000000000000000000000000000000000000000011000000000000000111111000000000000000000000000000000000000000000000000000111111111111111111111111111110001110000000010000000000000000000001110000000000000000000000000000001111111111111111111111
000000000000000000000000000000001100000000000011000000000000000111100000000000000000000000000000000000000000000000000000111011111111111111111111111110001111000000010000000000000000000001100000000000000000000000000000000000000000000111111111
000000000000000000000000000000001101100000000011000000000000000000000000000000000000000000000000000000000000000000000000001011111111111111111111111110000001111000001000000000000000000001100000000000000000000000000000000000000000000000000000
000000000000000000000000000000000001100000000111000000000000000000000000000000000000000000000000000000000000000000000000011011111111111111111111111110000000111100001000000000000000000001100000000000000000000000000000000000000000000000000000
000000000000000000000000000000000000000000001110000000000000000000000000000000000000000000000000000000000000000000000000111011111111111111111111111110000000000111101000000000000000000010000000000000000000000000000000000000000000000000000000
000000000000000000000000000000000000000000011000000000000000000000000000000000000000000000000000000000000000000000000001110011111111111111111111111110000000000011101000000000000000000010000000000000000000000000000000000000000000000000000000
000011000000000000000000000000000000000000110000000000000000000000000000000000000000000000000000000000000000000000000001000011111111111111111111111110000000000010001000000000000000000010000000000000000000000000000000000000000000000000000000
000011000000000110000000011000000000000001100000000000000000000000000000000000000000000000000000000000000000000000000001000011111111111111111111111110000000000010001000001000000001000010000000000000000000000000000011111111111111111111111100
000000000000000110000000011000000000000011000000000000000000000000000000000000000000000000000000000000000000000000000001100011111111111111111111111110100000000010001000000000000000000010000000000000000000000000000011111111111111111111111100
000000000000000000000000000000110000000110000000000000000000000000000000000000000000000000000000000000000000000000000000100011111111111111111111111110000000011110001000000000000000000010000000000000000000000000000011111111111111111111111100
000000000000000000000000000000110000011100000000000000000000000000000000000000000000000000000000000000000000000000000000100011111111111111111111111110000011110000001000000000000000000010000000000000000000000000000011111111111111111111111100
000000000000000000000000000000000000111000000000000000000000000000000000000000000000000000000000000000000000000000000000011011111111111111111111111110000011000000001000000000000000000001000000000000000000000000000011111111111111111111111100
000011000000000000000000000000000001110000000000000000000000000000000000000000000000000000000000000000000000000000000000001111111111111111111111111110000011000000001000000000000000000001000000000000000000000000000011111111111111111111111100
000011000000011001100000000000000011100000000000000000000000000000000000000000000000000000000000000000000000000000000000000111111111111111111111111111111110000110001000000000000000000001000000000000000000000000000011111111111111111111111100
000000000000011001100000000000000110000000000000000000000000000000000000000000000000000000000000000000000000000000000000000011111111111111111111111110000000000110011000000000000000000000100000000000000000000000000011111111111111111111111100
000000000000000000000000000000001100000000000000000000000000000000000000000000000000000000000000000000000000000000000000000011111111111111111111111110000000000000110000000000000000000000100000000000000000000000000011111111111111111111111100
000000000000000000000000000000111000000000000000000000000000000000000000000000000000000000000000000000000000000000000000000011111111111111111111111110000000000011110000000000000000000000100000000000000000000000000011111111111111111111111100
000000000000000000000000000001110000000000000000000000000000000000000000000000000000000000000000000000000000000000000000000011111111111111111111111110000000001111000000000000000000000000100000000000000000000000000011111111111111111111111100
000000000000000000000000000111000000000000000000000000000000000000000000000000000000000000000000000000000000000000000000000011111111111111111111111110000000011100000000000000000000000000100000000000000000000000000011111111111111111111111100
111110000000000000000000011100000000000000000000000000000000000000000000000000000000000000000000000000000000000000000000000011111111111111111111111110000000010000000000000000000000000000110000000000000000000000000011111111111111111111111100
000111111100000000000001110000000000000000000000000000000000000000000000000000000000000000000000000000000000000000000000000011111111111111110111111110000000010000010000000000000000000100010000000000000000000000000011111111111111111111111100
000000001111111111011111000000000000000000000000000000000000000000000000000000000000000000000000000000000000000000000000000011111111111111110111111110000001110000000000000000000000000000010000000000000000000000000011111111111111111111111100
000000000000000001110000000000000000000000000000000000000000000000000000000000000000000000000000000000000000000000000000000011111111111111110011111110000011111000000000100000000000000000010000000000000000000000000011111111111111111111111100
000000000000000000000000000000000000000000000000000000000000000000000000000000000000000000000000000000000000000000000000000011111111111111110111111110000110000000000000000000000000000000010000000000000000000000000011111111111111111111111100
000000000000000000000000000000000000000000000000000000000000000000000000000000000000000000000000000000000000000000000000000000000000000000000000000000011100000000000000000000000000000100011000100011111111111100000011111111111111111111111100
000000000000000000000000000000000000000000000000000000000000000000000000000000000000000000000000000000000000000000000000000000000000000000000000000000110000000000000000000000000000000000001111111111111111111111000000000000000000000000000000
000000000000000000000000000000000000000000000000000000000000000000000000000000000000000000000000000000000000000000000000000000000000000000000000000011100000000000010000000000000000000000001111011100000000000011000000000000000000000000000000
000000000000000000000000000000000000000000000000000000000000000000000000000000000000000000000000000000000000000000000000000000000000000000000000001110000011000000000000000000000000001000011000000000000000000011111000000000000000000000000000
000000000000000000000000000000000000000000000000000000000000000000000000000000000000000000000000000000000001111111111111111100000000000000000000111000110011000000000000000000000000000000011111111111111111111011111100000000000000000000000000
000000000000000000000000000000000000000000000000000000000000000000000000000000000000000000000000000000000011111111111111111111110000000000000111100000110000000000000000000000000000000000000111111111111111111100000110000000000000000000000000
000000000000000000000000000000000000000000000000000000000000000000000000000000000000000000000000000000011110000000000000000011111111111111111100110000000000000000000011000000000000000001100110000011111111111110000111111111111111111111111111
000000000000000000000000000000000000000000000000000000000000000000000000000000000000000000000000000001111101000011000000000000001111111111110000110000000000000000000011000000000000000001100111111100111111000111000001111111111111111111111111
000000000000000000000000000000000000000000111111111110000000000000000000000000000000000000000000001111100000000011000000110000000000000110000000000000000000000000000000000010000000000000000111111100111111111011111111001100000000000000000000
000000000000000000000000000000000000011111111111111110000000000000000000000000000000000000000000011110010100000000000000110000011000000110000000000000000000000111111111111110000000000000000111111100111111111001111111001100000000000000000000
000000000000000000000000000000111111111111000000000011111111000000000000000000000000000000111111110000110000000000000000000000011000000000000000000000000000000111111111111110000000000000100111111100000000111001010111000000000000000000000000
000000000000000000000000000001111111100000000000000001111111100000000000000011111111111111111111100100110000000000000000000000000000000000000000000000000001100111010000011110000000000000000100000000000000000001010101000000000100000000000000
000000000000000000000000000001000000000000000000000000000000110000000000000111111111111111000000000000000000000000000000000000000000000000000000000000000001100110011111100010000000000000000111111110011111000000000011000000000000000000000000
000000000000000000000000001111000000000000110000000000000000010000000000000111110000000000001000000001000000000000000000000000000000000000000000000000000000000110011111100010000000000000000111111110011111111110001111000000000001100000000000
000000000111111111111111111111000000000000110000001100000110010000000000001101100000000101100001000000000000000000000000000000000000000000000000000000000000000110011111100010000000000000000000000000000011111111111110000000000001100000000000
111111111111111111111111111100000000000000000000001100000110010000000000011100000100010001101000000000000000000000000000000000000000000000001100000000000000000110001111100110000000000000011000000000000000000111111100011000000000000000010000
111111111110000000000000000000000000000000000000000000000000010000000001111100100000000000000000000000000000000000000000000000000000000000001100000000000000000111100000011110000000000000011000000000000000000000000000011000000000000000000000
000000000000000000000011000000000000000000000000000000000000110000000011111100000000000000100010000000000000000000000000000000000000000000000000000000000000000111111001111110000000000000000000000000000000000000000000000000000000000000000000
000000000000000000000011000000000000110000000011000011000000100000000010000000101101001000000000000000000000000000000000000000001111111111100000000000000000000001111001111001000000000000000000000000000000110000000000000000000000000000000000
000000000000000000000000000000000000110000000011000011000000100001111110000000001100000000000000000000000000000000000000000001111000000000110001000000000000000000100000000000000000000001000000000000000000110000000000000010000000000001100000
000000000000011000000000000000110000000000000000000000000000100011111110001000000000000000001100000000001100000000000000000111000000000000011100000000000000000000000000000000000000000000000000000000000000000000000011000000000000000001100000
001100000000011000000000000000110000000000000000000001100000111110000000000100000000000000001100000000001100000000000000000110000000000000000100000010000000000000000000000000000000000000000000000000000000000000000011000000000000000000000000
001100000000000000000000000000000000000000000000000001100000111110000000000000000000000000000000000000000000000000000000000110111111111110000110000000000100000000001000000000000000000000000000000000000000000000000000000000000001000000000000
000000110000000000000000000000000000000000000000000000000000000000110010000000000000000000000000000000000000000000000001100110111111111110000011110000000100000000000000000000000000000000000000000000000010000000000000000000000000000000000000
000000110000000000000001100000000000000000100000000100000000011000110000000000000011000000000000000000000000000001000001100110111111111110000000011000000100000010001000000000000000000000000001110000000000000000000000011111111111000000000000
000000000000000001100001100000000110000000000000000000000000011000000000000000000011000000000000000000000000010000000000000110111111111110000000001100000000000000001001010000000000000000000000000000000000000000000001111111111111100000000000
000000000000000001100000000000000110000000000000000000000000000000000000000000000000000000000000000000001100000000000000000110111111111110000000000100001100000000000001010000000000000000000111000000110000000000000111111000001111100000000000
000000000000000000000000000000000000000000000000000000000000000000000000000000000000000000000000000000001100110000000000000110111111111110000000000100011100000000000000000000000000000000000000000100110000000000000111100000001101100011000000
000000000000000000000000000000000000000001000000000000000000000000000000000000000000000000110000000000110000110000011000000110111111111110000000000100010000000000001010010000000000000000111000000000000000000000000110000000000001100011000000
000000000000000000000000000001000000000000000000000100000000000000000000000000000000000000110000000000110000000000011000000110111111111110000000000111010000000001001001010000000000000000000011000000000000000011000110011000110000100000000000
000011000000000000000000000000000000000000000000000000000000000000000000000000000000000000000000000000000000000000000000111100000000000000000000000001000000000000000001000000000000000000000011000000000000000011000110000000000001100000000000
000011000000001100000000000000000000100000000000000000000000000000000000000000000000000000000100000000000000000000000000110000000000000000000000000001000110000000000000000000000000000000000000001000000001100000000110000000111001100000000000
000000000000001100000000001100000000000100000000000000000000000000000000000110001100001000000000000100000000000000000000110000000000000000000000000001000110000000000000000000000000000000000000000000000001100000000110011001111001100000000000
001100000110000000011000001100000000000000000000000000000000000000011000000110001100000000000000000000000000000000000000110000000000000000000000000001000000000000000000000000000000000000000000000000000000000000000110011001111000100000001000
001100000110000000011000000000000000000000000000000000000100000000011000000000000000000011000000000011000000001100010000110111111111110000000000000001000000000000000000000000000000000000000000000000000000000000000110000000111001100000000000
000001100000000000000000000000001000000000000000000000000000000000000000000000000000000011000000000011000010001100000000110111111111110000000000000001100000000000000000000000000000000000000000000000000000000000000111000000000011100000000000
000001100111100011100000000000000000000000000010000000010001100000000000000000000000110000000000000000000000000000000000110111111111110000000000000001100000000000000000000000000000010000000000000000000000000000000111110000001111000000000000
000000000111111011100110000000000000000000000000000000000001100000011000000110000000110000000000000000000000000000000000110111111111110000000000000000000000000000000000000000000000000000000000000000000000000010010111111100111110000000000000
000011111111111111100110000000000000000000000000000000110000000000011000000110010000000000100011000011000000000000000000110111111111110000000000000000000000000000000000000000000000000000000000000000000000000000100001111100111100000010000000
000011111111111111100000001000000000000000000000000000110000000000000000000000000000000000000011000011000000000000000011110111111111110000000000000000000000000100000000000000000000000000000110000000111110011110000000110000000000000000000000
000111111111111111100000110000000000000000000000000000000000011111111111111100000000000000000000000000000000000000000011000111111111110000000000000000000000000111111111111001111111111111000110000011111110011111100010000000000000000110000000
001111111111111111111000110000000000000010000000000000000000010011000011000100000000000000000000000000000001100010000011000111111111110000000000000000000000000111111111111001111111111111000000000011110000000111100000000000000000000110000000
001011111111111111111100000000000000000000000000000000000000011111111111000100000000000000000000000000000001100000000011000000000000000000000000000000000000000111111111100001010001111111000000000011000000000001100000000000000000000000000000
001011111111111111111100000000000000000000000001000001000000011111111111111100001100000000010000010000000000000000011100000000000000000000000000000000100000000111100000000010000011111111000000000011000000000001100000000000000000000000000000
001011111111101111111100000000000000100000000000000000000000011110111110111100001100000000000000000000000000000000010000000000000000000000000000000000100110000100000000001110000011111101000000000011100000000011100000001100011000000000000000
111111111110001111111100000000000000000000000000000000000000011111111100110101000000000000000000000000110000000000010000111111111110000000000000000000100110000100011011001110000000001101000100001011110000000111100000001100011000000000000000
100000111100001111111100000110000110000100000000000000000000010001111110110100000000000011000011000000110000000000010000111111111110000011111111111000100000000100011011001110000001000011000000000000111111111110000100000000000000000000000000
101100111100011100000111000110000110000000000000000000000000010001111110110100000000100011000011000000110000000000010000111111111110000011111111111000100000000100000000000000000001111111000000000000011111111110000000000000000000000000000000
101100000000011100000100000000000000000000000000000000010000010011111111110110000000000000000000000000000110000000010000111111111110000011111111111000100000000110000000000101000001101011000000000000001111111100000000000000000000000000000000
100000000000000000000100000000000000000000000000000000000000010011101111100110000000000000000000000000000110000000010000111111111110000011111111111000100010000111100000000101000000001111000000000000000000000000000000000000000000000000000000
100001110000011001111100000000100000000000000000000011000000010011000111111110000000000011000000000001000000000000010000111111111110000011111111111000100000000011111111111111111111111110001100000000000110000000000011000000000000000000000000
111001110000011011100000011100000000010000000000000011000000010011000011111110000010000011000000011000000011000000010000111111111110000011111111111000100000000001111111111111111111111100001100000000000110000000000011000000000000011000000000
011000000010011010000001011100000000000011000000000000001111110111011111111110000000000000000000011000000011000010010000111111111110000011111111111000100000000000000000000000000000000000000000000001000000000000000000000000000000011000000000
001000001101111110011100001100000000000011000000100000001000111111011110111111000000000000001000000000000000000000010000000000000000000011111111111000100000011000000011000000000000000000000000000000000000000000000000000100000000000000000000
001111111111000000011100000000000000000000000000000000001011111111101111100101000000000000000000000000000000000000010000000000000000000000000000000000100000011000000011000000000000000100000000000000000000000000000000000000000000000000000000
000000000000000000000000000000000000000000000000000000001011111000000111110101000000000000000000000000000000000000010000000000000000000000000000000000100000000000000000000000000000000000000000000000000000000000000000000000000000000000000000
